# 1: Bin number
# 2: r
# 3: g(r)
0	0.0018	0
1	0.0054	0
2	0.009	0
3	0.0126	0
4	0.0162	0
5	0.0198	0
6	0.0234	0
7	0.027	0
8	0.0306	0
9	0.0342	0
10	0.0378	0
11	0.0414	0
12	0.045	0
13	0.0486	0
14	0.0522	0
15	0.0558	0
16	0.0594	0
17	0.063	0
18	0.0666	0
19	0.0702	0
20	0.0738	0
21	0.0774	0
22	0.081	0
23	0.0846	0
24	0.0882	0
25	0.0918	0
26	0.0954	0
27	0.099	0
28	0.1026	0
29	0.1062	0
30	0.1098	0
31	0.1134	0
32	0.117	0
33	0.1206	0
34	0.1242	0
35	0.1278	0
36	0.1314	0
37	0.135	0
38	0.1386	0
39	0.1422	0
40	0.1458	0
41	0.1494	0
42	0.153	0
43	0.1566	0
44	0.1602	0
45	0.1638	0
46	0.1674	0
47	0.171	0
48	0.1746	0
49	0.1782	0
50	0.1818	0
51	0.1854	0
52	0.189	0
53	0.1926	0
54	0.1962	0
55	0.1998	0
56	0.2034	0
57	0.207	0
58	0.2106	0
59	0.2142	0
60	0.2178	0
61	0.2214	0
62	0.225	0
63	0.2286	0
64	0.2322	0
65	0.2358	0
66	0.2394	0
67	0.243	0
68	0.2466	0
69	0.2502	0
70	0.2538	0
71	0.2574	0
72	0.261	0
73	0.2646	0
74	0.2682	0
75	0.2718	0
76	0.2754	0
77	0.279	0
78	0.2826	0
79	0.2862	0
80	0.2898	0
81	0.2934	0
82	0.297	0
83	0.3006	0
84	0.3042	0
85	0.3078	0
86	0.3114	0
87	0.315	0
88	0.3186	0
89	0.3222	0
90	0.3258	0
91	0.3294	0
92	0.333	0
93	0.3366	0
94	0.3402	0
95	0.3438	0
96	0.3474	0
97	0.351	0
98	0.3546	0
99	0.3582	0
100	0.3618	0
101	0.3654	0
102	0.369	0
103	0.3726	0
104	0.3762	0
105	0.3798	0
106	0.3834	0
107	0.387	0
108	0.3906	0
109	0.3942	0
110	0.3978	0
111	0.4014	0
112	0.405	0
113	0.4086	0
114	0.4122	0
115	0.4158	0
116	0.4194	0
117	0.423	0
118	0.4266	0
119	0.4302	0
120	0.4338	0
121	0.4374	0
122	0.441	0
123	0.4446	0
124	0.4482	0
125	0.4518	0
126	0.4554	0
127	0.459	0
128	0.4626	0
129	0.4662	0
130	0.4698	0
131	0.4734	0
132	0.477	0
133	0.4806	0
134	0.4842	0
135	0.4878	0
136	0.4914	0
137	0.495	0
138	0.4986	0
139	0.5022	0
140	0.5058	0
141	0.5094	0
142	0.513	0
143	0.5166	0
144	0.5202	0
145	0.5238	0
146	0.5274	0
147	0.531	0
148	0.5346	0
149	0.5382	0
150	0.5418	0
151	0.5454	0
152	0.549	0
153	0.5526	0
154	0.5562	0
155	0.5598	0
156	0.5634	0
157	0.567	0
158	0.5706	0
159	0.5742	0
160	0.5778	0
161	0.5814	0
162	0.585	0
163	0.5886	0
164	0.5922	0
165	0.5958	0
166	0.5994	0
167	0.603	0
168	0.6066	0
169	0.6102	0
170	0.6138	0
171	0.6174	0
172	0.621	0
173	0.6246	0
174	0.6282	0
175	0.6318	0
176	0.6354	0
177	0.639	0
178	0.6426	0
179	0.6462	0
180	0.6498	0
181	0.6534	0
182	0.657	0
183	0.6606	0
184	0.6642	0
185	0.6678	0
186	0.6714	0
187	0.675	0
188	0.6786	0
189	0.6822	0
190	0.6858	0
191	0.6894	0
192	0.693	0
193	0.6966	0
194	0.7002	0
195	0.7038	0
196	0.7074	0
197	0.711	0
198	0.7146	0
199	0.7182	0
200	0.7218	0
201	0.7254	0
202	0.729	0
203	0.7326	0
204	0.7362	0
205	0.7398	0
206	0.7434	0
207	0.747	0
208	0.7506	0
209	0.7542	0
210	0.7578	0
211	0.7614	0
212	0.765	0
213	0.7686	0
214	0.7722	0
215	0.7758	0
216	0.7794	0
217	0.783	0
218	0.7866	0
219	0.7902	0
220	0.7938	0
221	0.7974	0
222	0.801	0
223	0.8046	0
224	0.8082	0
225	0.8118	0
226	0.8154	0
227	0.819	0
228	0.8226	0
229	0.8262	0
230	0.8298	0
231	0.8334	0
232	0.837	0.0014673
233	0.8406	0.00339444
234	0.8442	0.011539
235	0.8478	0.018592
236	0.8514	0.0406518
237	0.855	0.0749957
238	0.8586	0.146877
239	0.8622	0.214792
240	0.8658	0.38168
241	0.8694	0.514523
242	0.873	0.685405
243	0.8766	0.921469
244	0.8802	1.13707
245	0.8838	1.35857
246	0.8874	1.5673
247	0.891	1.81018
248	0.8946	1.92194
249	0.8982	2.06541
250	0.9018	2.11763
251	0.9054	2.21494
252	0.909	2.20614
253	0.9126	2.18588
254	0.9162	2.09812
255	0.9198	1.9501
256	0.9234	1.92287
257	0.927	1.84537
258	0.9306	1.74882
259	0.9342	1.63839
260	0.9378	1.6083
261	0.9414	1.56625
262	0.945	1.6731
263	0.9486	1.71145
264	0.9522	1.94625
265	0.9558	2.0839
266	0.9594	2.29984
267	0.963	2.53281
268	0.9666	2.7729
269	0.9702	3.06323
270	0.9738	3.18444
271	0.9774	3.35758
272	0.981	3.53308
273	0.9846	3.62711
274	0.9882	3.72705
275	0.9918	3.66277
276	0.9954	3.71828
277	0.999	3.61806
278	1.0026	3.56656
279	1.0062	3.44294
280	1.0098	3.44027
281	1.0134	3.34981
282	1.017	3.14559
283	1.0206	3.0935
284	1.0242	3.07146
285	1.0278	3.0435
286	1.0314	2.93532
287	1.035	2.94852
288	1.0386	2.87507
289	1.0422	2.96281
290	1.0458	2.90486
291	1.0494	2.96524
292	1.053	2.96663
293	1.0566	2.9977
294	1.0602	2.91854
295	1.0638	2.88823
296	1.0674	2.8793
297	1.071	2.86566
298	1.0746	2.76815
299	1.0782	2.66805
300	1.0818	2.55546
301	1.0854	2.45972
302	1.089	2.39725
303	1.0926	2.22591
304	1.0962	2.14858
305	1.0998	1.98128
306	1.1034	1.92222
307	1.107	1.84739
308	1.1106	1.67764
309	1.1142	1.62017
310	1.1178	1.49265
311	1.1214	1.44576
312	1.125	1.34501
313	1.1286	1.25816
314	1.1322	1.23413
315	1.1358	1.11769
316	1.1394	1.07791
317	1.143	1.02051
318	1.1466	0.969023
319	1.1502	0.936808
320	1.1538	0.845518
321	1.1574	0.822617
322	1.161	0.792357
323	1.1646	0.749318
324	1.1682	0.694742
325	1.1718	0.679749
326	1.1754	0.642234
327	1.179	0.63462
328	1.1826	0.576494
329	1.1862	0.543778
330	1.1898	0.555257
331	1.1934	0.531943
332	1.197	0.513204
333	1.2006	0.499196
334	1.2042	0.499997
335	1.2078	0.461553
336	1.2114	0.454844
337	1.215	0.444957
338	1.2186	0.426411
339	1.2222	0.43973
340	1.2258	0.426091
341	1.2294	0.385059
342	1.233	0.391266
343	1.2366	0.393697
344	1.2402	0.366241
345	1.2438	0.354157
346	1.2474	0.353878
347	1.251	0.349216
348	1.2546	0.34395
349	1.2582	0.332461
350	1.2618	0.335301
351	1.2654	0.334894
352	1.269	0.341508
353	1.2726	0.3345
354	1.2762	0.310526
355	1.2798	0.328865
356	1.2834	0.319117
357	1.287	0.30575
358	1.2906	0.322149
359	1.2942	0.312177
360	1.2978	0.301089
361	1.3014	0.315813
362	1.305	0.314677
363	1.3086	0.301742
364	1.3122	0.295711
365	1.3158	0.29647
366	1.3194	0.283241
367	1.323	0.298146
368	1.3266	0.287379
369	1.3302	0.293572
370	1.3338	0.299115
371	1.3374	0.29291
372	1.341	0.290386
373	1.3446	0.297931
374	1.3482	0.296907
375	1.3518	0.298891
376	1.3554	0.309801
377	1.359	0.290723
378	1.3626	0.290111
379	1.3662	0.299783
380	1.3698	0.309896
381	1.3734	0.312815
382	1.377	0.305038
383	1.3806	0.29482
384	1.3842	0.316895
385	1.3878	0.30191
386	1.3914	0.321942
387	1.395	0.309366
388	1.3986	0.330197
389	1.4022	0.334777
390	1.4058	0.336706
391	1.4094	0.336023
392	1.413	0.34461
393	1.4166	0.3473
394	1.4202	0.354206
395	1.4238	0.363404
396	1.4274	0.37469
397	1.431	0.374983
398	1.4346	0.370273
399	1.4382	0.386644
400	1.4418	0.402352
401	1.4454	0.415276
402	1.449	0.406932
403	1.4526	0.447301
404	1.4562	0.461978
405	1.4598	0.453913
406	1.4634	0.459843
407	1.467	0.476535
408	1.4706	0.510804
409	1.4742	0.52739
410	1.4778	0.538317
411	1.4814	0.558812
412	1.485	0.569469
413	1.4886	0.584964
414	1.4922	0.611998
415	1.4958	0.619164
416	1.4994	0.621528
417	1.503	0.670278
418	1.5066	0.700893
419	1.5102	0.712879
420	1.5138	0.725492
421	1.5174	0.736191
422	1.521	0.756556
423	1.5246	0.76537
424	1.5282	0.771892
425	1.5318	0.797182
426	1.5354	0.829785
427	1.539	0.829525
428	1.5426	0.857192
429	1.5462	0.868254
430	1.5498	0.861942
431	1.5534	0.901971
432	1.557	0.927204
433	1.5606	0.937845
434	1.5642	0.940955
435	1.5678	0.982223
436	1.5714	0.969957
437	1.575	1.0042
438	1.5786	1.0296
439	1.5822	1.04587
440	1.5858	1.05925
441	1.5894	1.05622
442	1.593	1.09277
443	1.5966	1.11163
444	1.6002	1.14879
445	1.6038	1.1888
446	1.6074	1.20868
447	1.611	1.21186
448	1.6146	1.21198
449	1.6182	1.22714
450	1.6218	1.26925
451	1.6254	1.25494
452	1.629	1.28659
453	1.6326	1.31795
454	1.6362	1.32143
455	1.6398	1.30965
456	1.6434	1.35092
457	1.647	1.34805
458	1.6506	1.33237
459	1.6542	1.34524
460	1.6578	1.34551
461	1.6614	1.35868
462	1.665	1.3465
463	1.6686	1.33012
464	1.6722	1.36875
465	1.6758	1.35019
466	1.6794	1.37885
467	1.683	1.36425
468	1.6866	1.34404
469	1.6902	1.34192
470	1.6938	1.34643
471	1.6974	1.35761
472	1.701	1.32114
473	1.7046	1.3342
474	1.7082	1.32177
475	1.7118	1.35165
476	1.7154	1.30965
477	1.719	1.33617
478	1.7226	1.31443
479	1.7262	1.32493
480	1.7298	1.32177
481	1.7334	1.30295
482	1.737	1.3026
483	1.7406	1.34404
484	1.7442	1.31203
485	1.7478	1.29306
486	1.7514	1.29172
487	1.755	1.31835
488	1.7586	1.31723
489	1.7622	1.30997
490	1.7658	1.2953
491	1.7694	1.29769
492	1.773	1.27771
493	1.7766	1.29523
494	1.7802	1.28816
495	1.7838	1.27661
496	1.7874	1.29282
497	1.791	1.2873
498	1.7946	1.27544
499	1.7982	1.26981
